function [range,d]=INICIA_DA
range=[0,0,0,0,0,0,0,0,0,0,0,0;1e5,1e4,1e4,1e3,1e3,1e3,1e3,1e3,1e3,1e3,1e3,1e3];
% range=[0,0,0,0,0,0,0,0,0,0,0,0;1e3,1e3,1e3,1e3,1e3,1e3,1e3,1e3,1e3,1e3,1e3,1e3];
% range=[-1e2,-1e2,-1e2,-1e2,-1e2,-1e2,-1e2,-1e2,-1e2,-1e2,-1e2,-1e2;1e5,1e4,1e4,1e4,1e4,1e4,1e3,1e3,1e3,1e3,1e3,1e3];
% range=[0,0,0,0,0,0,0,0,0,0,0,0;1e5,1e5,1e5,1e5,1e5,1e5,1e5,1e5,1e5,1e5,1e5,1e5];
% range=[0,0,0,0,0,0,0,0,0,0,0,0;1e1,1e1,1e1,1e1,1e1,1e1,1e1,1e1,1e1,1e1,1e1,1e1];
% range=[0,0,0,0,0,0,0,0,0,0,0,0;1e6,1e6,1e6,1e6,1e6,1e6,1e6,1e6,1e6,1e6,1e6,1e6];
d=12;
end